    unsorted:	 171.3383832 171.3314746 171.3204355 171.3033843 171.3577452 171.2826745 171.2755079 171.8007092 173.4807427 166.9099203 178.5400407 181.7038492 187.1908096 149.9211036 208.9045800 206.6761662 135.6847920 112.6544255 103.7838085 95.57600157 249.5582066 255.4980866 84.60354023 292.5461896 300.1875908 298.9615060 20.83663711 0.1983907080 425.1167984 441.3501300 474.2061805 507.0042378 517.4638624 526.5598336 571.7034624 662.5094779 776.4553443 858.6163002 912.7828223 1008.051983 1055.722395 1187.263491 1204.552587 1299.429612 1371.467080 1400.339056 1447.289229 1472.254855 1530.152145 1812.649967 1839.848749 2098.070518 2084.144259 2132.180013 2445.653854 2732.850566 3033.282931 3319.186111 3278.151238 4012.785703 4000.268074 4336.147783 4568.933256 4680.642870 4716.520234 4983.646827 5135.854781 5560.567431 5828.249116 6662.771731 7060.915241 7304.907054 7843.593373 8955.329280 9859.480768 10448.57809 11893.82889 12757.97868 12932.61239 13704.89579 15746.85119 17308.43467 22581.26772 30695.77749 38018.88794 45281.81127 56449.84535 66170.64020 69079.87691 84436.92220 167091.4728 1702263.100 2.480048351e+10
      sorted:	 0.1983907080 20.83663711 84.60354023 95.57600157 103.7838085 112.6544255 135.6847920 149.9211036 166.9099203 171.2755079 171.2826745 171.3033843 171.3204355 171.3314746 171.3383832 171.3577452 171.8007092 173.4807427 178.5400407 181.7038492 187.1908096 206.6761662 208.9045800 249.5582066 255.4980866 292.5461896 298.9615060 300.1875908 425.1167984 441.3501300 474.2061805 507.0042378 517.4638624 526.5598336 571.7034624 662.5094779 776.4553443 858.6163002 912.7828223 1008.051983 1055.722395 1187.263491 1204.552587 1299.429612 1371.467080 1400.339056 1447.289229 1472.254855 1530.152145 1812.649967 1839.848749 2084.144259 2098.070518 2132.180013 2445.653854 2732.850566 3033.282931 3278.151238 3319.186111 4000.268074 4012.785703 4336.147783 4568.933256 4680.642870 4716.520234 4983.646827 5135.854781 5560.567431 5828.249116 6662.771731 7060.915241 7304.907054 7843.593373 8955.329280 9859.480768 10448.57809 11893.82889 12757.97868 12932.61239 13704.89579 15746.85119 17308.43467 22581.26772 30695.77749 38018.88794 45281.81127 56449.84535 66170.64020 69079.87691 84436.92220 167091.4728 1702263.100 2.480048351e+10
