    unsorted:	 171.3472991 171.3472991 171.3472991 171.3472991 171.3472991 171.3472991 171.3472991 171.3472991 171.3472991 171.3472991 171.3472991 171.3472991 171.3472991 171.3472991 171.3472991 171.3472991 171.3472991 171.3472991 171.3472991 171.3472991 171.2701776 171.2294055 171.1729008 171.0940884 171.0024611 170.9618418 170.9126505 171.4596015 173.2595016 178.0640135 183.3681569 185.8614155 153.9074419 144.8197185 139.3475017 216.0606792 228.8591304 243.3620011 266.5618548 271.6496245 280.4726377 103.0801576 105.3827878 87.04329447 73.94093616 349.6636250 377.8037124 456.1481562 14.06389280 498.4288877 570.1683900 640.4326014 713.1835723 755.0161071 795.2307728 823.1094787 905.8121873 956.0096231 1025.628518 1052.382091 1113.903183 1154.493393 1281.249951 1288.689792 1396.195926 1413.086313 1445.190640 1493.220506 1738.219175 1712.736522 1883.933283 1972.676089 2141.394955 2701.751157 2845.621894 2986.953735 3012.228221 3244.008063 3484.250319 3495.433536 3705.010274 3838.701609 4145.621462 4555.896126 4897.981317 5103.699313 5467.640990 5780.313088 5949.971254 6196.826217 6623.954100 6737.646524 7536.490026 7919.544065 8888.787184 10408.95310 10949.48452 12375.95144 12809.86756 14705.70129 15054.81649 16544.27768 23374.92830 29132.85900 33410.34728 45231.94859 45718.33254 49782.29054 69327.50959 74575.65649 83776.49951 141616.3835 4777434.697
      sorted:	 14.06389280 73.94093616 87.04329447 103.0801576 105.3827878 139.3475017 144.8197185 153.9074419 170.9126505 170.9618418 171.0024611 171.0940884 171.1729008 171.2294055 171.2701776 171.3472991 171.3472991 171.3472991 171.3472991 171.3472991 171.3472991 171.3472991 171.3472991 171.3472991 171.3472991 171.3472991 171.3472991 171.3472991 171.3472991 171.3472991 171.3472991 171.3472991 171.3472991 171.3472991 171.3472991 171.4596015 173.2595016 178.0640135 183.3681569 185.8614155 216.0606792 228.8591304 243.3620011 266.5618548 271.6496245 280.4726377 349.6636250 377.8037124 456.1481562 498.4288877 570.1683900 640.4326014 713.1835723 755.0161071 795.2307728 823.1094787 905.8121873 956.0096231 1025.628518 1052.382091 1113.903183 1154.493393 1281.249951 1288.689792 1396.195926 1413.086313 1445.190640 1493.220506 1712.736522 1738.219175 1883.933283 1972.676089 2141.394955 2701.751157 2845.621894 2986.953735 3012.228221 3244.008063 3484.250319 3495.433536 3705.010274 3838.701609 4145.621462 4555.896126 4897.981317 5103.699313 5467.640990 5780.313088 5949.971254 6196.826217 6623.954100 6737.646524 7536.490026 7919.544065 8888.787184 10408.95310 10949.48452 12375.95144 12809.86756 14705.70129 15054.81649 16544.27768 23374.92830 29132.85900 33410.34728 45231.94859 45718.33254 49782.29054 69327.50959 74575.65649 83776.49951 141616.3835 4777434.697
